0.609647	98.9082756022
0.631061506	105.9788316336
0.652476012	113.2934618594
0.673890518	120.8521662796
0.695305024	128.6549448943
0.71671953	136.7017977033
0.738134036	144.9927247068
0.759548542	153.5277259048
0.780963048	162.3068012971
0.802377554	171.3299508839
0.82379206	180.5971746651
0.845206566	190.1084726407
0.866621072	199.8638448107
0.888035578	209.8632911752
0.909450084	220.106811734
0.93086459	230.5944064873
0.952279096	241.3260754351
0.973693602	252.3018185772
0.995108108	263.5216359138
1.016522614	274.9855274448
1.03793712	286.6934931702
1.059351626	298.64553309
1.080766132	310.8416472043
1.102180638	323.281835513
1.123595144	335.9660980161
1.14500965	348.8944347136
1.166424156	362.0668456056
1.187838662	375.4833306919
1.209253168	389.1438899727
1.230667674	403.0485234479
1.25208218	417.1972311176
1.273496686	431.5900129816
1.294911192	446.2268690401
1.316325698	461.107799293
1.337740204	476.2328037404
1.35915471	491.6018823821
1.380569216	507.2150352183
1.401983722	523.0722622489
1.423398228	539.1735634739
1.444812734	555.5189388933
1.46622724	572.1083885072
1.487641746	588.9419123155
1.509056252	606.0195103182
1.530470758	623.3411825153
1.551885264	640.9069289069
1.57329977	658.7167494928
1.594714276	676.7706442732
1.616128782	695.0686132481
1.637543288	713.6106564173
1.658957794	732.396773781
1.6803723	751.4269653391
1.701786806	770.7012310916
1.723201312	790.2195710385
1.744615818	809.9819851799
1.766030324	829.9884735156
1.78744483	850.2390360458
1.808859336	870.7336727705
1.830273842	891.4723836895
1.851688348	912.455168803
1.873102854	933.6820281109
1.89451736	955.1529616132
1.915931866	976.8679693099
1.937346372	998.8270512011
1.958760878	1021.0302072866
1.980175384	1043.4774375666
2.00158989	1066.1687420411
2.023004396	1089.1041207099
2.044418902	1112.2835735732
2.065833408	1135.7071006309
2.087247914	1159.374701883
2.10866242	1183.2863773295
2.130076926	1207.4421269705
2.151491432	1231.8419508059
2.172905938	1256.4858488357
2.194320444	1281.3738210599
2.21573495	1306.5058674785
2.237149456	1331.8819880916
2.258563962	1357.5021828991
2.279978468	1383.366451901
2.301392974	1409.4747950974
2.32280748	1435.8272124881
2.344221986	1462.4237040733
2.365636492	1489.2642698529
2.387050998	1516.3489098269
2.408465504	1543.6776239954
2.42988001	1571.2504123583
2.451294516	1599.0672749156
2.472709022	1627.1282116673
2.494123528	1655.4332226134
2.515538034	1683.982307754
2.53695254	1712.775467089
2.558367046	1741.8127006184
2.579781552	1771.0940083422
2.601196058	1800.6193902604
2.622610564	1830.3888463731
2.64402507	1860.4023766802
2.665439576	1890.6599811817
2.686854082	1921.1616598777
2.708268588	1951.907412768
2.729683094	1982.8972398528
2.7510976	2014.131141132
2.772512106	2045.6091166057
2.793926612	2077.3311662737
2.815341118	2109.2972901362
2.836755624	2141.5074881931
2.85817013	2173.9617604444
2.879584636	2206.6601068902
2.900999142	2239.6025275303
2.922413648	2272.7890223649
2.943828154	2306.2195913939
2.96524266	2339.8942346174
2.986657166	2373.8129520352
3.008071672	2407.9757436475
3.029486178	2442.3826094542
3.050900684	2477.0335494553
3.07231519	2511.9285636509
3.093729696	2547.0676520408
3.115144202	2582.4508146252
3.136558708	2618.078051404
3.157973214	2653.9493623773
3.17938772	2690.0647475449
3.200802226	2726.424206907
3.222216732	2763.0277404635
3.243631238	2799.8753482144
3.265045744	2836.9670301598
3.28646025	2874.3027862995
3.307874756	2911.8826166337
3.329289262	2949.7065211624
3.350703768	2987.7744998854
3.372118274	3026.0865528028
3.39353278	3064.6426799147
3.414947286	3103.442881221
3.436361792	3142.4871567218
3.457776298	3181.7755064169
3.479190804	3221.3079303065
3.50060531	3261.0844283905
3.522019816	3301.1050006689
3.543434322	3341.3696471417
3.564848828	3381.878367809
3.586263334	3422.6311626707
3.60767784	3463.6280317268
3.629092346	3504.8689749773
3.650506852	3546.3539924223
3.671921358	3588.0830840616
3.693335864	3630.0562498954
3.71475037	3672.2734899236
3.736164876	3714.7348041463
3.757579382	3757.4401925634
3.778993888	3800.3896551748
3.800408394	3843.5831919807
3.8218229	3887.0208029811
3.843237406	3930.7024881758
3.864651912	3974.628247565
3.886066418	4018.7980811486
3.907480924	4063.2119889266
3.92889543	4107.8699708991
3.950309936	4152.7720270659
3.971724442	4197.9181574272
3.993138948	4243.3083619829
4.014553454	4288.9426407331
4.03596796	4334.8209936776
4.057382466	4380.9434208166
4.078796972	4427.30992215
4.100211478	4473.9204976778
4.121625984	4520.7751474001
4.14304049	4567.8738713167
4.164454996	4615.2166694278
4.185869502	4662.8035417333
4.207284008	4710.6344882333
4.228698514	4758.7095089276
4.25011302	4807.0286038164
4.271527526	4855.5917728996
4.292942032	4904.3990161772
4.314356538	4953.4503336493
4.335771044	5002.7457253157
4.35718555	5052.2851911766
4.378600056	5102.0687312319
4.400014562	5152.0963454817
4.421429068	5202.3680339258
4.442843574	5252.8837965644
4.46425808	5303.6436333974
4.485672586	5354.6475444248
4.507087092	5405.8955296467
4.528501598	5457.387589063
4.549916104	5509.1237226736
4.57133061	5561.1039304788
4.592745116	5613.3282124783
4.614159622	5665.7965686723
4.635574128	5718.5089990606
4.656988634	5771.4655036435
4.67840314	5824.6660824207
4.699817646	5878.1107353923
4.721232152	5931.7994625584
4.742646658	5985.7322639189
4.764061164	6039.9091394738
4.78547567	6094.3300892232
4.806890176	6148.9951131669
4.828304682	6203.9042113051
4.849719188	6259.0573836377
4.871133694	6314.4546301647
4.8925482	6370.0959508862
4.913962706	6425.9813458021
4.935377212	6482.1108149124
4.956791718	6538.4843582171
4.978206224	6595.1019757162
4.99962073	6651.9636674098
5.021035236	6709.0694332978
5.042449742	6766.4192733802
5.063864248	6824.013187657
5.085278754	6881.8511761283
5.10669326	6939.9332387939
5.128107766	6998.259375654
5.149522272	7056.8295867086
5.170936778	7115.6438719575
5.192351284	7174.7022314009
5.21376579	7234.0046650387
5.235180296	7293.5511728709
5.256594802	7353.3417548975
5.278009308	7413.3764111186
5.299423814	7473.655141534
5.32083832	7534.1779461439
5.342252826	7594.9448249483
5.363667332	7655.955777947
5.385081838	7717.2108051402
5.406496344	7778.7099065278
5.42791085	7840.4530821098
5.449325356	7902.4403318862
5.470739862	7964.6716558571
5.492154368	8027.1470540223
5.513568874	8089.866526382
5.53498338	8152.8300729362
5.556397886	8216.0376936847
5.577812392	8279.4893886277
5.599226898	8343.1851577651
5.620641404	8407.1250010969
5.64205591	8471.3089186231
5.663470416	8535.7369103438
5.684884922	8600.4089762589
5.706299428	8665.3251163684
5.727713934	8730.4853306723
5.74912844	8795.8896191707
5.770542946	8861.5379818634
5.791957452	8927.4304187506
5.813371958	8993.5669298322
5.834786464	9059.9475151083
5.85620097	9126.5721745787
5.877615476	9193.4409082436
5.899029982	9260.5537161029
5.920444488	9327.9105981567
5.941858994	9395.5115544048
5.9632735	9463.3565848474
5.984688006	9531.4456894844
6.006102512	9599.7788683158
6.027517018	9668.3561213416
6.048931524	9737.1774485619
6.07034603	9806.2428499766
6.091760536	9875.5523255857
6.113175042	9945.1058753892
6.134589548	10014.9034993872
6.156004054	10084.9451975795
6.17741856	10155.2309699663
6.198833066	10225.7608165476
6.220247572	10296.5347373232
6.241662078	10367.5527322933
6.263076584	10438.8148014577
6.28449109	10510.3209448167
6.305905596	10582.07116237
6.327320102	10654.0654541177
6.348734608	10726.3038200599
6.370149114	10798.7862601965
6.39156362	10871.5127745275
6.412978126	10944.483363053
6.434392632	11017.6980257729
6.455807138	11091.1567626871
6.477221644	11164.8595737959
6.49863615	11238.806459099
6.520050656	11312.9974185965
6.541465162	11387.4324522885
6.562879668	11462.1115601749
6.584294174	11537.0347422558
6.60570868	11612.201998531
6.627123186	11687.6133290007
6.648537692	11763.2687336648
6.669952198	11839.1682125233
6.691366704	11915.3117655762
6.71278121	11991.6993928236
6.734195716	12068.3310942653
6.755610222	12145.2068699015
6.777024728	12222.3267197322
6.798439234	12299.6906437572
6.81985374	12377.2986419767
6.841268246	12455.1507143906
6.862682752	12533.2468609989
6.884097258	12611.5870818016
6.905511764	12690.1713767988
6.92692627	12768.9997459904
6.948340776	12848.0721893764
6.969755282	12927.3887069568
6.991169788	13006.9492987317
7.012584294	13086.7539647009
7.0339988	13166.8027048646
7.055413306	13247.0955192227
7.076827812	13327.6324077753
7.098242318	13408.4133705222
7.119656824	13489.4384074636
7.14107133	13570.7075185994
7.162485836	13652.2207039297
7.183900342	13733.9779634543
7.205314848	13815.9792971734
7.226729354	13898.2247050869
7.24814386	13980.7141871948
7.269558366	14063.4477434972
7.290972872	14146.4253739939
7.312387378	14229.6470786851
7.333801884	14313.1128575707
7.35521639	14396.8227106507
7.376630896	14480.7766379252
7.398045402	14564.9746393941
7.419459908	14649.4167150574
7.440874414	14734.1028649151
7.46228892	14819.0330889672
7.483703426	14904.2073872138
7.505117932	14989.6257596548
7.526532438	15075.2882062902
7.547946944	15161.19472712
7.56936145	15247.3453221443
7.590775956	15333.739991363
7.612190462	15420.3787347761
7.633604968	15507.2615523836
7.655019474	15594.3884441855
7.67643398	15681.7594101819
7.697848486	15769.3744503727
7.719262992	15857.2335647579
7.740677498	15945.3367533375
7.762092004	16033.6840161116
7.78350651	16122.2753530801
7.804921016	16211.110764243
7.826335522	16300.1902496003
7.847750028	16389.5138091521
7.869164534	16479.0814428982
7.89057904	16568.8931508388
7.911993546	16658.9489329738
7.933408052	16749.2487893033
7.954822558	16839.7927198271
7.976237064	16930.5807245454
7.99765157	17021.6128034581
8.019066076	17112.8889565652
8.040480582	17204.4091838668
8.061895088	17296.1734853628
8.083309594	17388.1818610531
8.1047241	17480.434310938
8.126138606	17572.9308350172
8.147553112	17665.6714332909
8.168967618	17758.6561057589
8.190382124	17851.8848524215
8.21179663	17945.3576732784
8.233211136	18039.0745683297
8.254625642	18133.0355375755
8.276040148	18227.2405810157
8.297454654	18321.6896986503
8.31886916	18416.3828904794
8.340283666	18511.3201565028
8.361698172	18606.5014967207
8.383112678	18701.926911133
8.404527184	18797.5963997397
8.42594169	18893.5099625409
8.447356196	18989.6675995365
8.468770702	19086.0693107265
8.490185208	19182.7150961109
8.511599714	19279.6049556897
8.53301422	19376.738889463
8.554428726	19474.1168974307
8.575843232	19571.7389795928
8.597257738	19669.6051359493
8.618672244	19767.7153665003
8.64008675	19866.0696712457
8.661501256	19964.6680501855
8.682915762	20063.5105033197
8.704330268	20162.5970306483
8.725744774	20261.9276321714
8.74715928	20361.5023078889
8.768573786	20461.3210578008
8.789988292	20561.3838819071
8.811402798	20661.6907802079
8.832817304	20762.2417527031
8.85423181	20863.0367993927
8.875646316	20964.0759202767
8.897060822	21065.3591153551
8.918475328	21166.886384628
8.939889834	21268.6577280953
8.96130434	21370.673145757
8.982718846	21472.9326376131
9.004133352	21575.4362036637
9.025547858	21678.1838439087
9.046962364	21781.1755583481
9.06837687	21884.4113469819
9.089791376	21987.8912098101
9.111205882	22091.6151468328
9.132620388	22195.5831580499
9.154034894	22299.7952434614
9.1754494	22404.2514030674
9.196863906	22508.9516368677
9.218278412	22613.8959448625
9.239692918	22719.0843270517
9.261107424	22824.5167834353
9.28252193	22930.1933140134
9.303936436	23036.1139187859
9.325350942	23142.2785977528
9.346765448	23248.6873509141
9.368179954	23355.3401782698
9.38959446	23462.23707982
9.411008966	23569.3780555646
9.432423472	23676.7631055036
9.453837978	23784.392229637
9.475252484	23892.2654279648
9.49666699	24000.3827004871
9.518081496	24108.7440472038
9.539496002	24217.3494681149
9.560910508	24326.1989632205
9.582325014	24435.2925325204
9.60373952	24544.6301760148
9.625154026	24654.2118937036
9.646568532	24764.0376855869
9.667983038	24874.1075516645
9.689397544	24984.4214919366
9.71081205	25094.9795064031
9.732226556	25205.781595064
9.753641062	25316.8277579194
9.775055568	25428.1179949691
9.796470074	25539.6523062133
9.81788458	25651.4306916519
9.839299086	25763.453151285
9.860713592	25875.7196851124
9.882128098	25988.2302931343
9.903542604	26100.9849753506
9.92495711	26213.9837317613
9.946371616	26327.2265623665
9.967786122	26440.713467166
9.989200628	26554.44444616
10.010615134	26668.4194993484
10.03202964	26782.6386267313
10.053444146	26897.1018283085
10.074858652	27011.8091040802
10.096273158	27126.7604540463
10.117687664	27241.9558782068
10.13910217	27357.3953765618
10.160516676	27473.0789491112
10.181931182	27589.0065958549
10.203345688	27705.1783167931
10.224760194	27821.5941119258
10.2461747	27938.2539812528
10.267589206	28055.1579247743
10.289003712	28172.3059424902
10.310418218	28289.6980344005
10.331832724	28407.3342005053
10.35324723	28525.2144408045
10.374661736	28643.3387552981
10.396076242	28761.7071439861
10.417490748	28880.3196068685
10.438905254	28999.1761439454
10.46031976	29118.2767552167
10.481734266	29237.6214406824
10.503148772	29357.2102003425
10.524563278	29477.043034197
10.545977784	29597.119942246
10.56739229	29717.4409244894
10.588806796	29838.0059809272
10.610221302	29958.8151115595
10.631635808	30079.8683163861
10.653050314	30201.1655954072
10.67446482	30322.7069486227
10.695879326	30444.4923760327
10.717293832	30566.521877637
10.738708338	30688.7954534358
10.760122844	30811.313103429
10.78153735	30934.0748276166
10.802951856	31057.0806259986
10.824366362	31180.3304985751
10.845780868	31303.824445346
10.867195374	31427.5624663113
10.88860988	31551.544561471
10.910024386	31675.7707308252
10.931438892	31800.2409743738
10.952853398	31924.9552921168
10.974267904	32049.9136840542
10.99568241	32175.116150186
11.017096916	32300.5626905123
11.038511422	32426.253305033
11.059925928	32552.1879937481
11.081340434	32678.3667566576
11.10275494	32804.7895937616
11.124169446	32931.45650506
11.145583952	33058.3674905528
11.166998458	33185.52255024
11.188412964	33312.9216841216
11.20982747	33440.5648921977
11.231241976	33568.4521744682
11.252656482	33696.5835309331
11.274070988	33824.9589615925
11.295485494	33953.5784664462
11.3169	34082.4420454944
